{
 "cells": [
  {
   "cell_type": "markdown",
   "id": "5f2205a4-2c74-4cf5-9ad1-9d65bd13bed2",
   "metadata": {},
   "source": [
    "# TRS partial transpose boundary operator extraction\n",
    "Created 04/06/2026\n",
    "\n",
    "Objectives:\n",
    "* Extract the boundary operators from [these states](../../save_states/z4_z2_trs_cluster_chain_100_site_dmrg.ipynb).\n",
    "    * Just work on fixed point states for now.\n",
    "* Construct all possible partial transpose cost functions, and optimize over them simultaneuosly. Will hopefully reduce degeneracy."
   ]
  },
  {
   "cell_type": "markdown",
   "id": "9ad0db4d-805c-4403-9d48-c71d523d572f",
   "metadata": {},
   "source": [
    "# Package imports"
   ]
  },
  {
   "cell_type": "code",
   "execution_count": 1,
   "id": "8e42328b-1f06-42e6-ab67-163728ca732d",
   "metadata": {},
   "outputs": [],
   "source": [
    "import sys\n",
    "sys.path.append(\"../..\")"
   ]
  },
  {
   "cell_type": "code",
   "execution_count": 2,
   "id": "f91ecce9-eb32-46c3-a53f-e1abe06d580a",
   "metadata": {},
   "outputs": [],
   "source": [
    "from functools import reduce\n",
    "from itertools import combinations"
   ]
  },
  {
   "cell_type": "code",
   "execution_count": 3,
   "id": "4a525ec6-f0c8-47ee-8b0b-345bf0ef8bd3",
   "metadata": {},
   "outputs": [],
   "source": [
    "import h5py\n",
    "from tenpy.tools import hdf5_io\n",
    "import tenpy\n",
    "import tenpy.linalg.np_conserved as npc\n",
    "\n",
    "import os"
   ]
  },
  {
   "cell_type": "code",
   "execution_count": 4,
   "id": "214f688a-c657-4810-b4d1-b1247deff62c",
   "metadata": {},
   "outputs": [],
   "source": [
    "import numpy as np\n",
    "import pandas as pd\n",
    "import matplotlib.pyplot as plt\n",
    "\n",
    "from scipy.stats import unitary_group"
   ]
  },
  {
   "cell_type": "code",
   "execution_count": 5,
   "id": "b8dec68d-a5b3-4383-ab44-567a9a5981b3",
   "metadata": {},
   "outputs": [],
   "source": [
    "from SPTOptimization.SymmetryActionWithBoundaryUnitaries import SymmetryActionWithBoundaryUnitaries\n",
    "from SPTOptimization.Optimizers.utils import one_site_optimization\n",
    "\n",
    "from SPTOptimization.gradients import expectation_gradient_from_environments_and_b_tensor"
   ]
  },
  {
   "cell_type": "code",
   "execution_count": 6,
   "id": "e69e38e9-49b4-42ee-a022-c6cbf8288e37",
   "metadata": {},
   "outputs": [
    {
     "name": "stderr",
     "output_type": "stream",
     "text": [
      "/home/kcooney/Desktop/repos/spt_numerical_classificiation/code/num_spt_venv_p11/lib/python3.11/site-packages/cotengra/hyperoptimizers/hyper.py:54: UserWarning: Couldn't find `optuna`, `cmaes`, or `nevergrad` so will use completely random sampling in place of hyper-optimization.\n",
      "  warnings.warn(\n",
      "/home/kcooney/Desktop/repos/spt_numerical_classificiation/code/num_spt_venv_p11/lib/python3.11/site-packages/cotengra/hyperoptimizers/hyper.py:36: UserWarning: Couldn't import `kahypar` - skipping from default hyper optimizer and using basic `labels` method instead.\n",
      "  warnings.warn(\n",
      "/home/kcooney/Desktop/repos/spt_numerical_classificiation/code/num_spt_venv_p11/lib/python3.11/site-packages/cotengra/hyperoptimizers/hyper.py:73: UserWarning: Couldn't find `optuna`, `cmaes`, or `nevergrad` so will use completely random sampling in place of hyper-optimization.\n",
      "  warnings.warn(\n"
     ]
    }
   ],
   "source": [
    "import quimb as qu\n",
    "import quimb.tensor as qtn"
   ]
  },
  {
   "cell_type": "markdown",
   "id": "968b03f4-adb0-48cc-bb4a-414d8856c7c2",
   "metadata": {},
   "source": [
    "# Load data"
   ]
  },
  {
   "cell_type": "code",
   "execution_count": 7,
   "id": "3b61bbe0-5d7f-49c5-96ab-265f8b0d36b6",
   "metadata": {},
   "outputs": [],
   "source": [
    "DATA_DIR = r\"../../data/4_2_trs_cluster_chain_100_unit_cells\""
   ]
  },
  {
   "cell_type": "code",
   "execution_count": 8,
   "id": "2e1f611d-29dd-4c9b-ad1b-f4cc8b59bab7",
   "metadata": {},
   "outputs": [],
   "source": [
    "loaded_data = list()\n",
    "\n",
    "for local_file_name in os.listdir(DATA_DIR):\n",
    "    if (local_file_name[-3:] == '.h5') and (local_file_name[:2] == '0_'):\n",
    "        f_name = r\"{}/{}\".format(DATA_DIR, local_file_name, ignore_unknown=False)\n",
    "        with h5py.File(f_name, 'r') as f:\n",
    "            data = hdf5_io.load_from_hdf5(f)\n",
    "            loaded_data.append(data)"
   ]
  },
  {
   "cell_type": "code",
   "execution_count": 9,
   "id": "3dee6260-8279-4a28-87b4-e2f25e5db833",
   "metadata": {},
   "outputs": [],
   "source": [
    "def get_quimb_mps(tenpy_mps):\n",
    "    psi_arrays = list()\n",
    "    psi_arrays.append(tenpy_mps.get_B(0, 'Th')[0, ...].to_ndarray())\n",
    "    for i in range(1, tenpy_mps.L-1):\n",
    "        psi_arrays.append(tenpy_mps.get_B(i).to_ndarray())\n",
    "    psi_arrays.append(tenpy_mps.get_B(tenpy_mps.L-1)[..., 0].to_ndarray())\n",
    "    \n",
    "    out = (\n",
    "        qtn\n",
    "        .tensor_1d\n",
    "        .MatrixProductState(psi_arrays, shape='lpr')\n",
    "    )\n",
    "\n",
    "    return out"
   ]
  },
  {
   "cell_type": "code",
   "execution_count": 10,
   "id": "4fb0f933-c9ac-41b2-b0fa-c0717ef31aaf",
   "metadata": {},
   "outputs": [
    {
     "data": {
      "text/plain": [
       "[{'energy': -199.99999999999693,\n",
       "  'paramters': {'interpolation': 0.0},\n",
       "  'wavefunction': <tenpy.networks.mps.MPS at 0x7f203b26abd0>}]"
      ]
     },
     "execution_count": 10,
     "metadata": {},
     "output_type": "execute_result"
    }
   ],
   "source": [
    "loaded_data"
   ]
  },
  {
   "cell_type": "code",
   "execution_count": 11,
   "id": "857c8395-c605-4ccd-bc36-8408446a4e12",
   "metadata": {},
   "outputs": [],
   "source": [
    "psi_0 = get_quimb_mps(loaded_data[0]['wavefunction'])"
   ]
  },
  {
   "cell_type": "markdown",
   "id": "d6d360f5-5b8d-4807-9e92-188d06b544b7",
   "metadata": {},
   "source": [
    "# Definitions"
   ]
  },
  {
   "cell_type": "code",
   "execution_count": 12,
   "id": "513d7288-c641-4071-a4a3-652787d1f98c",
   "metadata": {},
   "outputs": [],
   "source": [
    "np_I = np.array([[1,0],[0,1]])\n",
    "np_X = np.array([[0,1],[1,0]])\n",
    "np_Y = np.array([[0,-1j],[1j,0]])\n",
    "np_Z = np.array([[1,0],[0,-1]])"
   ]
  },
  {
   "cell_type": "code",
   "execution_count": 13,
   "id": "97112128-6ee4-4d12-947c-1ee10e4e23db",
   "metadata": {},
   "outputs": [],
   "source": [
    "symmetry_actions = [\n",
    "    [np_I, np_I],\n",
    "    [np_I, np_X],\n",
    "    [np_X, np_I],\n",
    "    [np_X, np_X]\n",
    "]"
   ]
  },
  {
   "cell_type": "code",
   "execution_count": 14,
   "id": "6b3baa51-a417-492b-989f-6512df630027",
   "metadata": {},
   "outputs": [],
   "source": [
    "symmetry_labels = [\n",
    "    'II',\n",
    "    'IX',\n",
    "    'XI',\n",
    "    'XX'\n",
    "]"
   ]
  },
  {
   "cell_type": "code",
   "execution_count": 38,
   "id": "6df860c5-afed-4fa6-bb2e-cf33297a5b27",
   "metadata": {},
   "outputs": [],
   "source": [
    "np_X4 = np.array(\n",
    "    [\n",
    "        [0,0,0,1],\n",
    "        [1,0,0,0],\n",
    "        [0,1,0,0],\n",
    "        [0,0,1,0],\n",
    "    ]\n",
    ")"
   ]
  },
  {
   "cell_type": "markdown",
   "id": "27c387a3-81d3-4f02-b21b-1e30b4a83816",
   "metadata": {},
   "source": [
    "## Function definitions"
   ]
  },
  {
   "cell_type": "code",
   "execution_count": 15,
   "id": "730ff0be",
   "metadata": {},
   "outputs": [],
   "source": [
    "def svd_update(environment_matrix, first_boundary_guess,\n",
    "               first_left_inds, second_left_inds):\n",
    "    \"\"\"\n",
    "    Should comment this.\n",
    "    \"\"\"\n",
    "\n",
    "    first_env_matrix = (first_boundary_guess & environment_matrix) ^ ...\n",
    "\n",
    "    svd = first_env_matrix.split(\n",
    "        left_inds=second_left_inds,\n",
    "        absorb=None,\n",
    "        bond_ind='s'\n",
    "    )\n",
    "\n",
    "    first_score = np.sum(svd.tensors[1].data)\n",
    "    first_unitary = (svd.tensors[0] & svd.tensors[2]) ^ ...\n",
    "    first_unitary = first_unitary.conj()\n",
    "    \n",
    "    second_env_matrix = (first_unitary & environment_matrix) ^ ...\n",
    "\n",
    "    svd = second_env_matrix.split(\n",
    "        left_inds=first_left_inds,\n",
    "        absorb=None,\n",
    "        bond_ind='s'\n",
    "    )\n",
    "\n",
    "    second_score = np.sum(svd.tensors[1].data)\n",
    "    second_unitary = (svd.tensors[0] & svd.tensors[2]) ^ ...\n",
    "    second_unitary = second_unitary.conj()\n",
    "\n",
    "    return (\n",
    "        [first_unitary, second_unitary],\n",
    "        [first_score, second_score]\n",
    "    )"
   ]
  },
  {
   "cell_type": "code",
   "execution_count": 16,
   "id": "77ac66f7-fa96-433f-9b77-91dc61b60fd5",
   "metadata": {},
   "outputs": [],
   "source": [
    "def iterated_svd_updates(environment_matrix, first_ket_inds,\n",
    "                         second_ket_inds, first_bra_inds, num_iters):\n",
    "    scores = list()\n",
    "\n",
    "    # Hard code warning!\n",
    "    rand_unitary = unitary_group.rvs(4)\n",
    "    rand_unitary = np.reshape(rand_unitary, (2,2,2,2))\n",
    "\n",
    "    boundary_guess = qtn.tensor_core.Tensor(\n",
    "        rand_unitary,\n",
    "        inds=first_ket_inds+first_bra_inds\n",
    "    )\n",
    "\n",
    "    for i in range(num_iters):\n",
    "        current_out = svd_update(\n",
    "            environment_matrix,\n",
    "            boundary_guess,\n",
    "            first_ket_inds,\n",
    "            second_ket_inds\n",
    "        )\n",
    "        scores.extend(current_out[1])\n",
    "        boundary_guess = current_out[0][1]\n",
    "\n",
    "\n",
    "    return (current_out[0], scores)"
   ]
  },
  {
   "cell_type": "code",
   "execution_count": 17,
   "id": "53efc5c2-ef0a-4baf-a829-a2a6efe7c017",
   "metadata": {},
   "outputs": [],
   "source": [
    "x_gate = qtn.Tensor(data=np_X, inds=('b', 'k'))"
   ]
  },
  {
   "cell_type": "code",
   "execution_count": 18,
   "id": "bb00314c-bab7-4583-96b1-d241a950bff0",
   "metadata": {},
   "outputs": [],
   "source": [
    "def find_boundary_operators(psi, leftmost_symmetry_site,\n",
    "    rightmost_symmetry_site, num_boundary_sites, num_iters):\n",
    "\n",
    "    symmetry_sites = list(range(leftmost_symmetry_site, rightmost_symmetry_site+1))\n",
    "    all_sites = list(range(\n",
    "        leftmost_symmetry_site-num_boundary_sites,\n",
    "        rightmost_symmetry_site+1+num_boundary_sites\n",
    "    ))\n",
    "\n",
    "    rho = psi.partial_trace_to_mpo(\n",
    "        all_sites,\n",
    "        rescale_sites=False\n",
    "    )\n",
    "    \n",
    "    rho_2 = rho.copy()\n",
    "\n",
    "    rho.reindex(\n",
    "        {f'{s}{i}': f'{s}{i}_1' for s in ['k', 'b'] for i in all_sites},\n",
    "        inplace=True\n",
    "    )\n",
    "    \n",
    "    rho_2.reindex(\n",
    "        {f'{s}{i}': f'{s}{i}_2' for s in ['k', 'b'] for i in all_sites},\n",
    "        inplace=True\n",
    "    )\n",
    "    \n",
    "    x_gates_b = [\n",
    "        x_gate.copy().reindex({'b': f'b{i}_1', 'k': f'b{i}_2'})\n",
    "        for i in symmetry_sites\n",
    "    ]\n",
    "    \n",
    "    x_gates_k = [\n",
    "        x_gate.copy().reindex({'b': f'k{i}_1', 'k': f'k{i}_2'})\n",
    "        for i in symmetry_sites\n",
    "    ]\n",
    "\n",
    "    two_sided_environment_matrix = qtn.tensor_core.TensorNetwork(\n",
    "        [\n",
    "            rho,\n",
    "            rho_2,\n",
    "            *x_gates_b,\n",
    "            *x_gates_k\n",
    "        ]\n",
    "    )\n",
    "    two_sided_environment_matrix.contract(inplace=False)\n",
    "\n",
    "    left_boundary_sites = list(range(\n",
    "        leftmost_symmetry_site-num_boundary_sites,\n",
    "        leftmost_symmetry_site\n",
    "    ))\n",
    "\n",
    "    right_boundary_sites = list(range(\n",
    "        rightmost_symmetry_site+1,\n",
    "        rightmost_symmetry_site+1+num_boundary_sites\n",
    "    ))\n",
    "\n",
    "    left_boundary_indices = [\n",
    "        f'{bk}{i}_{j}'\n",
    "        for bk in ['b', 'k']\n",
    "        for i in left_boundary_sites\n",
    "        for j in [1, 2]\n",
    "    ]\n",
    "\n",
    "    split_two_sided_environment_matrix = two_sided_environment_matrix.split(\n",
    "        left_inds=left_boundary_indices,\n",
    "        absorb=None,\n",
    "        bond_ind='s'\n",
    "    )\n",
    "\n",
    "    two_sided_sing_vals = (\n",
    "        split_two_sided_environment_matrix\n",
    "        .tensors[1]\n",
    "        .data\n",
    "    )\n",
    "\n",
    "    left_env_matrix = split_two_sided_environment_matrix.tensors[0].isel({'s': 0})\n",
    "    right_env_matrix = split_two_sided_environment_matrix.tensors[2].isel({'s': 0})\n",
    "\n",
    "    left_boundary_ops, left_scores = iterated_svd_updates(\n",
    "        left_env_matrix,\n",
    "        [f'k{i}_2' for i in left_boundary_sites],\n",
    "        [f'k{i}_1' for i in left_boundary_sites],\n",
    "        [f'b{i}_1' for i in left_boundary_sites],\n",
    "        num_iters\n",
    "    )\n",
    "\n",
    "    right_boundary_ops, right_scores = iterated_svd_updates(\n",
    "        right_env_matrix,\n",
    "        [f'k{i}_2' for i in right_boundary_sites],\n",
    "        [f'k{i}_1' for i in right_boundary_sites],\n",
    "        [f'b{i}_1' for i in right_boundary_sites],\n",
    "        num_iters\n",
    "    )\n",
    "\n",
    "    return (\n",
    "        left_boundary_ops,\n",
    "        right_boundary_ops,\n",
    "        left_scores,\n",
    "        right_scores,\n",
    "        two_sided_sing_vals\n",
    "    )"
   ]
  },
  {
   "cell_type": "code",
   "execution_count": 20,
   "id": "2dee9751-c1fc-440c-a747-211601b3eb28",
   "metadata": {},
   "outputs": [],
   "source": [
    "def similarity_score(op_1, op_2):\n",
    "    np_op_1 = op_1.data.reshape(4,4)\n",
    "    np_op_2 = op_2.data.reshape(4,4)\n",
    "\n",
    "    cross_term = np.trace(np_op_1@(np_op_2.conj().T))\n",
    "\n",
    "    return (\n",
    "        np.linalg.norm(np_op_1)**2\n",
    "        + np.linalg.norm(np_op_2)**2\n",
    "        - 2*np.abs(cross_term)\n",
    "    )"
   ]
  },
  {
   "cell_type": "code",
   "execution_count": 21,
   "id": "986249b7-fc84-4f92-9608-c92e8e8ae221",
   "metadata": {},
   "outputs": [],
   "source": [
    "def get_all_similarities(op_list):\n",
    "    if len(op_list) >= 2:\n",
    "        head, tail = op_list[0], op_list[1:]\n",
    "        current_similarities = [\n",
    "            similarity_score(head, other)\n",
    "            for other in tail\n",
    "        ]\n",
    "        return current_similarities + get_all_similarities(tail)\n",
    "    else:\n",
    "        return list()"
   ]
  },
  {
   "cell_type": "markdown",
   "id": "a1bd4fdb-e48a-4dd0-87fc-253a8c03cbda",
   "metadata": {},
   "source": [
    "# Testing\n",
    "## Cost function\n",
    "### \"Environment\" matrix"
   ]
  },
  {
   "cell_type": "code",
   "execution_count": 27,
   "id": "b9a7bb64-a60e-4c1d-abb5-f2a188b271e9",
   "metadata": {},
   "outputs": [],
   "source": [
    "symmetry_sites = list(range(80, 120))\n",
    "left_boundary_sites = [78, 79]\n",
    "right_boundary_sites = [120, 121]\n",
    "\n",
    "all_sites = (\n",
    "    left_boundary_sites\n",
    "    + symmetry_sites\n",
    "    + right_boundary_sites\n",
    ")"
   ]
  },
  {
   "cell_type": "code",
   "execution_count": 48,
   "id": "33f9210c-162c-4b0a-a961-1bbf81e747a7",
   "metadata": {},
   "outputs": [],
   "source": [
    "rho = psi_0.partial_trace_to_mpo(all_sites, rescale_sites=False)"
   ]
  },
  {
   "cell_type": "code",
   "execution_count": 49,
   "id": "bb5bce6b-123f-4d75-b7e5-e574d7a2a0c2",
   "metadata": {},
   "outputs": [],
   "source": [
    "rho_2 = rho.copy()"
   ]
  },
  {
   "cell_type": "code",
   "execution_count": 50,
   "id": "9ade615e-4b66-4f13-82ff-c6724491c039",
   "metadata": {},
   "outputs": [
    {
     "data": {
      "text/html": [
       "<samp style='font-size: 12px;'><details><summary><b style=\"color: #b4d24a;\">MatrixProductOperator</b>(tensors=44, indices=131, L=200, max_bond=1)</summary><samp style='font-size: 12px;'><details><summary><b style=\"color: #e55471;\">Tensor</b>(shape=(<b style=\"color: #45ce3d;\">1</b>, <b style=\"color: #828fdd;\">2</b>, <b style=\"color: #828fdd;\">2</b>), inds=[<b style=\"color: #8b51d4;\">_e11083AAABb</b>, <b style=\"color: #8facd1;\">k78_2</b>, <b style=\"color: #d2516e;\">b78_2</b>], tags={<b style=\"color: #de5b94;\">I78</b>}),</summary>backend=<b style=\"color: #7fdd73;\">numpy</b>, dtype=<b style=\"color: #443ce1;\">complex128</b>, data=array([[[ 0.5-0.j ,  0. +0.5j],\n",
       "        [-0. -0.5j,  0.5+0.j ]]])</details></samp><samp style='font-size: 12px;'><details><summary><b style=\"color: #e55471;\">Tensor</b>(shape=(<b style=\"color: #45ce3d;\">1</b>, <b style=\"color: #45ce3d;\">1</b>, <b style=\"color: #80d749;\">4</b>, <b style=\"color: #80d749;\">4</b>), inds=[<b style=\"color: #8b51d4;\">_e11083AAABb</b>, <b style=\"color: #d679c2;\">_e11083AAABc</b>, <b style=\"color: #dc81be;\">k79_2</b>, <b style=\"color: #7bd15d;\">b79_2</b>], tags={<b style=\"color: #dabd85;\">I79</b>}),</summary>backend=<b style=\"color: #7fdd73;\">numpy</b>, dtype=<b style=\"color: #443ce1;\">complex128</b>, data=array([[[[ 5.77008909e-56-5.12371501e-75j,\n",
       "           3.41959670e-42-1.58819471e-44j,\n",
       "          -2.40207507e-28+1.11561779e-30j,\n",
       "           4.55158094e-42-2.11393255e-44j],\n",
       "         [ 3.41959670e-42+1.58819471e-44j,\n",
       "           2.02664008e-28+7.17106175e-59j,\n",
       "          -1.42360109e-14-2.09380938e-28j,\n",
       "           2.69751587e-28-5.69031357e-42j],\n",
       "         [-2.40207507e-28-1.11561779e-30j,\n",
       "          -1.42360109e-14+2.09380938e-28j,\n",
       "           1.00000000e+00+0.00000000e+00j,\n",
       "          -1.89485375e-14+6.78404656e-28j],\n",
       "         [ 4.55158094e-42+2.11393255e-44j,\n",
       "           2.69751587e-28+5.69031357e-42j,\n",
       "          -1.89485375e-14-6.78404656e-28j,\n",
       "           3.59047072e-28-1.11176148e-58j]]]])</details></samp><samp style='font-size: 12px;'><details><summary><b style=\"color: #e55471;\">Tensor</b>(shape=(<b style=\"color: #45ce3d;\">1</b>, <b style=\"color: #45ce3d;\">1</b>, <b style=\"color: #828fdd;\">2</b>, <b style=\"color: #828fdd;\">2</b>), inds=[<b style=\"color: #d679c2;\">_e11083AAABc</b>, <b style=\"color: #99da8e;\">_e11083AAABd</b>, <b style=\"color: #e054c6;\">k80_2</b>, <b style=\"color: #e585af;\">b80_2</b>], tags={<b style=\"color: #64d171;\">I80</b>}),</summary>backend=<b style=\"color: #7fdd73;\">numpy</b>, dtype=<b style=\"color: #443ce1;\">complex128</b>, data=array([[[[ 0.5+0.j , -0. +0.5j],\n",
       "         [-0. -0.5j,  0.5+0.j ]]]])</details></samp><samp style='font-size: 12px;'><details><summary><b style=\"color: #e55471;\">Tensor</b>(shape=(<b style=\"color: #45ce3d;\">1</b>, <b style=\"color: #45ce3d;\">1</b>, <b style=\"color: #80d749;\">4</b>, <b style=\"color: #80d749;\">4</b>), inds=[<b style=\"color: #99da8e;\">_e11083AAABd</b>, <b style=\"color: #cf9788;\">_e11083AAABe</b>, <b style=\"color: #a879d2;\">k81_2</b>, <b style=\"color: #83d8a8;\">b81_2</b>], tags={<b style=\"color: #93a7de;\">I81</b>}),</summary>backend=<b style=\"color: #7fdd73;\">numpy</b>, dtype=<b style=\"color: #443ce1;\">complex128</b>, data=array([[[[ 9.58807317e-094-4.86284916e-140j,\n",
       "           1.29278741e-121+9.49170818e-092j,\n",
       "          -3.09646140e-047+8.43487019e-077j,\n",
       "          -7.45161981e-108+9.49170818e-092j],\n",
       "         [ 1.29278741e-121-9.49170818e-092j,\n",
       "           9.39631171e-090+0.00000000e+000j,\n",
       "           4.17504774e-075+3.06534039e-045j,\n",
       "           9.39631171e-090+7.37672725e-106j],\n",
       "         [-3.09646140e-047-8.43487019e-077j,\n",
       "           4.17504774e-075-3.06534039e-045j,\n",
       "           1.00000000e+000+0.00000000e+000j,\n",
       "           2.40649530e-061-3.06534039e-045j],\n",
       "         [-7.45161981e-108-9.49170818e-092j,\n",
       "           9.39631171e-090-7.37672725e-106j,\n",
       "           2.40649530e-061+3.06534039e-045j,\n",
       "           9.39631171e-090+3.49647215e-122j]]]])</details></samp><samp style='font-size: 12px;'><details><summary><b style=\"color: #e55471;\">Tensor</b>(shape=(<b style=\"color: #45ce3d;\">1</b>, <b style=\"color: #45ce3d;\">1</b>, <b style=\"color: #828fdd;\">2</b>, <b style=\"color: #828fdd;\">2</b>), inds=[<b style=\"color: #cf9788;\">_e11083AAABe</b>, <b style=\"color: #59da71;\">_e11083AAABf</b>, <b style=\"color: #2f33d5;\">k82_2</b>, <b style=\"color: #68dfb7;\">b82_2</b>], tags={<b style=\"color: #d7388e;\">I82</b>}),</summary>backend=<b style=\"color: #7fdd73;\">numpy</b>, dtype=<b style=\"color: #443ce1;\">complex128</b>, data=array([[[[ 0.5+0.j , -0. +0.5j],\n",
       "         [-0. -0.5j,  0.5+0.j ]]]])</details></samp><samp style='font-size: 12px;'><details><summary><b style=\"color: #e55471;\">Tensor</b>(shape=(<b style=\"color: #45ce3d;\">1</b>, <b style=\"color: #45ce3d;\">1</b>, <b style=\"color: #80d749;\">4</b>, <b style=\"color: #80d749;\">4</b>), inds=[<b style=\"color: #59da71;\">_e11083AAABf</b>, <b style=\"color: #4a31d3;\">_e11083AAABg</b>, <b style=\"color: #b5da73;\">k83_2</b>, <b style=\"color: #8388dc;\">b83_2</b>], tags={<b style=\"color: #34d4a0;\">I83</b>}),</summary>backend=<b style=\"color: #7fdd73;\">numpy</b>, dtype=<b style=\"color: #443ce1;\">complex128</b>, data=array([[[[ 9.58807317e-094+6.59328124e-140j,\n",
       "           7.96547450e-121+5.92789330e-091j,\n",
       "           3.09646140e-047-8.35853652e-077j,\n",
       "           1.11023670e-121+3.95939827e-091j],\n",
       "         [ 7.96547450e-121-5.92789330e-091j,\n",
       "           3.66496150e-088-1.38773698e-136j,\n",
       "          -2.59527936e-074-1.91440892e-044j,\n",
       "           2.44792567e-088+2.60293396e-118j],\n",
       "         [ 3.09646140e-047+8.35853652e-077j,\n",
       "          -2.59527936e-074+1.91440892e-044j,\n",
       "           1.00000000e+000+0.00000000e+000j,\n",
       "          -3.09311052e-074+1.27868485e-044j],\n",
       "         [ 1.11023670e-121-3.95939827e-091j,\n",
       "           2.44792567e-088-2.60293396e-118j,\n",
       "          -3.09311052e-074-1.27868485e-044j,\n",
       "           1.63503494e-088+4.65176144e-135j]]]])</details></samp><samp style='font-size: 12px;'><details><summary><b style=\"color: #e55471;\">Tensor</b>(shape=(<b style=\"color: #45ce3d;\">1</b>, <b style=\"color: #45ce3d;\">1</b>, <b style=\"color: #828fdd;\">2</b>, <b style=\"color: #828fdd;\">2</b>), inds=[<b style=\"color: #4a31d3;\">_e11083AAABg</b>, <b style=\"color: #7a3ee0;\">_e11083AAABh</b>, <b style=\"color: #dbca90;\">k84_2</b>, <b style=\"color: #d7cb81;\">b84_2</b>], tags={<b style=\"color: #da2e87;\">I84</b>}),</summary>backend=<b style=\"color: #7fdd73;\">numpy</b>, dtype=<b style=\"color: #443ce1;\">complex128</b>, data=array([[[[ 0.5+0.j , -0. +0.5j],\n",
       "         [-0. -0.5j,  0.5+0.j ]]]])</details></samp><samp style='font-size: 12px;'><details><summary><b style=\"color: #e55471;\">Tensor</b>(shape=(<b style=\"color: #45ce3d;\">1</b>, <b style=\"color: #45ce3d;\">1</b>, <b style=\"color: #80d749;\">4</b>, <b style=\"color: #80d749;\">4</b>), inds=[<b style=\"color: #7a3ee0;\">_e11083AAABh</b>, <b style=\"color: #d6ba87;\">_e11083AAABi</b>, <b style=\"color: #7c4fdb;\">k85_2</b>, <b style=\"color: #cb8fda;\">b85_2</b>], tags={<b style=\"color: #d968cf;\">I85</b>}),</summary>backend=<b style=\"color: #7fdd73;\">numpy</b>, dtype=<b style=\"color: #443ce1;\">complex128</b>, data=array([[[[0.+0.j, 0.+0.j, 0.+0.j, 0.+0.j],\n",
       "         [0.+0.j, 0.+0.j, 0.+0.j, 0.+0.j],\n",
       "         [0.+0.j, 0.+0.j, 1.+0.j, 0.+0.j],\n",
       "         [0.+0.j, 0.+0.j, 0.+0.j, 0.+0.j]]]])</details></samp><samp style='font-size: 12px;'><details><summary><b style=\"color: #e55471;\">Tensor</b>(shape=(<b style=\"color: #45ce3d;\">1</b>, <b style=\"color: #45ce3d;\">1</b>, <b style=\"color: #828fdd;\">2</b>, <b style=\"color: #828fdd;\">2</b>), inds=[<b style=\"color: #d6ba87;\">_e11083AAABi</b>, <b style=\"color: #83c4e5;\">_e11083AAABj</b>, <b style=\"color: #86d0d5;\">k86_2</b>, <b style=\"color: #cc5c85;\">b86_2</b>], tags={<b style=\"color: #db99ce;\">I86</b>}),</summary>backend=<b style=\"color: #7fdd73;\">numpy</b>, dtype=<b style=\"color: #443ce1;\">complex128</b>, data=array([[[[ 0.5+0.j , -0. +0.5j],\n",
       "         [-0. -0.5j,  0.5+0.j ]]]])</details></samp><samp style='font-size: 12px;'><details><summary><b style=\"color: #e55471;\">Tensor</b>(shape=(<b style=\"color: #45ce3d;\">1</b>, <b style=\"color: #45ce3d;\">1</b>, <b style=\"color: #80d749;\">4</b>, <b style=\"color: #80d749;\">4</b>), inds=[<b style=\"color: #83c4e5;\">_e11083AAABj</b>, <b style=\"color: #66d0db;\">_e11083AAABk</b>, <b style=\"color: #d164e3;\">k87_2</b>, <b style=\"color: #9ee3d6;\">b87_2</b>], tags={<b style=\"color: #e561b4;\">I87</b>}),</summary>backend=<b style=\"color: #7fdd73;\">numpy</b>, dtype=<b style=\"color: #443ce1;\">complex128</b>, data=array([[[[8.18501804e-57+0.00000000e+00j,\n",
       "          0.00000000e+00-0.00000000e+00j,\n",
       "          0.00000000e+00-9.04710895e-29j,\n",
       "          0.00000000e+00-1.28794742e-42j],\n",
       "         [0.00000000e+00+0.00000000e+00j,\n",
       "          0.00000000e+00+0.00000000e+00j,\n",
       "          0.00000000e+00+0.00000000e+00j,\n",
       "          0.00000000e+00+0.00000000e+00j],\n",
       "         [0.00000000e+00+9.04710895e-29j,\n",
       "          0.00000000e+00+0.00000000e+00j,\n",
       "          1.00000000e+00+0.00000000e+00j,\n",
       "          1.42360109e-14+0.00000000e+00j],\n",
       "         [0.00000000e+00+1.28794742e-42j,\n",
       "          0.00000000e+00+0.00000000e+00j,\n",
       "          1.42360109e-14+0.00000000e+00j,\n",
       "          2.02664008e-28+0.00000000e+00j]]]])</details></samp><samp style='font-size: 12px;'><details><summary><b style=\"color: #e55471;\">Tensor</b>(shape=(<b style=\"color: #45ce3d;\">1</b>, <b style=\"color: #45ce3d;\">1</b>, <b style=\"color: #828fdd;\">2</b>, <b style=\"color: #828fdd;\">2</b>), inds=[<b style=\"color: #66d0db;\">_e11083AAABk</b>, <b style=\"color: #b82ed5;\">_e11083AAABl</b>, <b style=\"color: #96d9c5;\">k88_2</b>, <b style=\"color: #5e60d1;\">b88_2</b>], tags={<b style=\"color: #307de0;\">I88</b>}),</summary>backend=<b style=\"color: #7fdd73;\">numpy</b>, dtype=<b style=\"color: #443ce1;\">complex128</b>, data=array([[[[ 0.5+0.j , -0. +0.5j],\n",
       "         [-0. -0.5j,  0.5+0.j ]]]])</details></samp><samp style='font-size: 12px;'><details><summary><b style=\"color: #e55471;\">Tensor</b>(shape=(<b style=\"color: #45ce3d;\">1</b>, <b style=\"color: #45ce3d;\">1</b>, <b style=\"color: #80d749;\">4</b>, <b style=\"color: #80d749;\">4</b>), inds=[<b style=\"color: #b82ed5;\">_e11083AAABl</b>, <b style=\"color: #8fdfd8;\">_e11083AAABm</b>, <b style=\"color: #47d4a4;\">k89_2</b>, <b style=\"color: #8bd296;\">b89_2</b>], tags={<b style=\"color: #8dd2a1;\">I89</b>}),</summary>backend=<b style=\"color: #7fdd73;\">numpy</b>, dtype=<b style=\"color: #443ce1;\">complex128</b>, data=array([[[[ 8.65204923e-57+4.88622050e-75j,\n",
       "           1.32408713e-42-1.58819471e-44j,\n",
       "          -9.30097018e-29+1.11561779e-30j,\n",
       "           1.76201529e-42-2.11347372e-44j],\n",
       "         [ 1.32408713e-42+1.58819471e-44j,\n",
       "           2.02664008e-28-3.70904256e-59j,\n",
       "          -1.42360109e-14-2.95484417e-28j,\n",
       "           2.69693037e-28+2.28691914e-41j],\n",
       "         [-9.30097018e-29-1.11561779e-30j,\n",
       "          -1.42360109e-14+2.95484417e-28j,\n",
       "           1.00000000e+00+0.00000000e+00j,\n",
       "          -1.89444246e-14-1.21321971e-27j],\n",
       "         [ 1.76201529e-42+2.11347372e-44j,\n",
       "           2.69693037e-28-2.28691914e-41j,\n",
       "          -1.89444246e-14+1.21321971e-27j,\n",
       "           3.58891225e-28+2.47595578e-57j]]]])</details></samp><samp style='font-size: 12px;'><details><summary><b style=\"color: #e55471;\">Tensor</b>(shape=(<b style=\"color: #45ce3d;\">1</b>, <b style=\"color: #45ce3d;\">1</b>, <b style=\"color: #828fdd;\">2</b>, <b style=\"color: #828fdd;\">2</b>), inds=[<b style=\"color: #8fdfd8;\">_e11083AAABm</b>, <b style=\"color: #76d8b8;\">_e11083AAABn</b>, <b style=\"color: #d27c91;\">k90_2</b>, <b style=\"color: #96d089;\">b90_2</b>], tags={<b style=\"color: #9be1bb;\">I90</b>}),</summary>backend=<b style=\"color: #7fdd73;\">numpy</b>, dtype=<b style=\"color: #443ce1;\">complex128</b>, data=array([[[[ 0.5+0.j , -0. +0.5j],\n",
       "         [-0. -0.5j,  0.5+0.j ]]]])</details></samp><samp style='font-size: 12px;'><details><summary><b style=\"color: #e55471;\">Tensor</b>(shape=(<b style=\"color: #45ce3d;\">1</b>, <b style=\"color: #45ce3d;\">1</b>, <b style=\"color: #80d749;\">4</b>, <b style=\"color: #80d749;\">4</b>), inds=[<b style=\"color: #76d8b8;\">_e11083AAABn</b>, <b style=\"color: #2ddba1;\">_e11083AAABo</b>, <b style=\"color: #4be4cc;\">k91_2</b>, <b style=\"color: #d4455e;\">b91_2</b>], tags={<b style=\"color: #854cd5;\">I91</b>}),</summary>backend=<b style=\"color: #7fdd73;\">numpy</b>, dtype=<b style=\"color: #443ce1;\">complex128</b>, data=array([[[[ 1.42873424e-101+2.20102503e-151j,\n",
       "           1.07196171e-132-3.31367795e-099j,\n",
       "          -3.77986010e-051-2.44553959e-084j,\n",
       "          -2.60140247e-115-3.31367795e-099j],\n",
       "         [ 1.07196171e-132+3.31367795e-099j,\n",
       "           7.68544722e-097+0.00000000e+000j,\n",
       "           2.83598251e-082-8.76666825e-049j,\n",
       "           7.68544722e-097-6.03345940e-113j],\n",
       "         [-3.77986010e-051+2.44553959e-084j,\n",
       "           2.83598251e-082+8.76666825e-049j,\n",
       "           1.00000000e+000+0.00000000e+000j,\n",
       "           6.88227184e-065+8.76666825e-049j],\n",
       "         [-2.60140247e-115+3.31367795e-099j,\n",
       "           7.68544722e-097+6.03345940e-113j,\n",
       "           6.88227184e-065-8.76666825e-049j,\n",
       "           7.68544722e-097-4.19300395e-129j]]]])</details></samp><samp style='font-size: 12px;'><details><summary><b style=\"color: #e55471;\">Tensor</b>(shape=(<b style=\"color: #45ce3d;\">1</b>, <b style=\"color: #45ce3d;\">1</b>, <b style=\"color: #828fdd;\">2</b>, <b style=\"color: #828fdd;\">2</b>), inds=[<b style=\"color: #2ddba1;\">_e11083AAABo</b>, <b style=\"color: #a066e5;\">_e11083AAABp</b>, <b style=\"color: #d7743e;\">k92_2</b>, <b style=\"color: #d74b52;\">b92_2</b>], tags={<b style=\"color: #39ccd8;\">I92</b>}),</summary>backend=<b style=\"color: #7fdd73;\">numpy</b>, dtype=<b style=\"color: #443ce1;\">complex128</b>, data=array([[[[ 0.5+0.j , -0. +0.5j],\n",
       "         [-0. -0.5j,  0.5+0.j ]]]])</details></samp><samp style='font-size: 12px;'><details><summary><b style=\"color: #e55471;\">Tensor</b>(shape=(<b style=\"color: #45ce3d;\">1</b>, <b style=\"color: #45ce3d;\">1</b>, <b style=\"color: #80d749;\">4</b>, <b style=\"color: #80d749;\">4</b>), inds=[<b style=\"color: #a066e5;\">_e11083AAABp</b>, <b style=\"color: #6ace5f;\">_e11083AAABq</b>, <b style=\"color: #5b7dd5;\">k93_2</b>, <b style=\"color: #583fcd;\">b93_2</b>], tags={<b style=\"color: #a07fd3;\">I93</b>}),</summary>backend=<b style=\"color: #7fdd73;\">numpy</b>, dtype=<b style=\"color: #443ce1;\">complex128</b>, data=array([[[[ 3.06572556e-57+4.63845614e-76j,\n",
       "           3.91665184e-43-1.97291912e-45j,\n",
       "          -5.53682921e-29+2.78904448e-31j,\n",
       "          -1.96391224e-46+9.89273507e-49j],\n",
       "         [ 3.91665184e-43+1.97291912e-45j,\n",
       "           5.00388916e-29-7.76475899e-60j,\n",
       "          -7.07381733e-15+5.87089475e-29j,\n",
       "          -2.50908163e-32-3.39166041e-42j],\n",
       "         [-5.53682921e-29-2.78904448e-31j,\n",
       "          -7.07381733e-15-5.87089475e-29j,\n",
       "           1.00000000e+00+0.00000000e+00j,\n",
       "           3.54699805e-18+4.79496217e-28j],\n",
       "         [-1.96391224e-46-9.89273507e-49j,\n",
       "          -2.50908163e-32+3.39166041e-42j,\n",
       "           3.54699805e-18-4.79496217e-28j,\n",
       "           1.25811952e-35-7.64908293e-62j]]]])</details></samp><samp style='font-size: 12px;'><details><summary><b style=\"color: #e55471;\">Tensor</b>(shape=(<b style=\"color: #45ce3d;\">1</b>, <b style=\"color: #45ce3d;\">1</b>, <b style=\"color: #828fdd;\">2</b>, <b style=\"color: #828fdd;\">2</b>), inds=[<b style=\"color: #6ace5f;\">_e11083AAABq</b>, <b style=\"color: #86c9d2;\">_e11083AAABr</b>, <b style=\"color: #e17761;\">k94_2</b>, <b style=\"color: #73e34b;\">b94_2</b>], tags={<b style=\"color: #db7ed3;\">I94</b>}),</summary>backend=<b style=\"color: #7fdd73;\">numpy</b>, dtype=<b style=\"color: #443ce1;\">complex128</b>, data=array([[[[ 0.5+0.j , -0. +0.5j],\n",
       "         [-0. -0.5j,  0.5+0.j ]]]])</details></samp><samp style='font-size: 12px;'><details><summary><b style=\"color: #e55471;\">Tensor</b>(shape=(<b style=\"color: #45ce3d;\">1</b>, <b style=\"color: #45ce3d;\">1</b>, <b style=\"color: #80d749;\">4</b>, <b style=\"color: #80d749;\">4</b>), inds=[<b style=\"color: #86c9d2;\">_e11083AAABr</b>, <b style=\"color: #a656df;\">_e11083AAABs</b>, <b style=\"color: #d3ba52;\">k95_2</b>, <b style=\"color: #48d177;\">b95_2</b>], tags={<b style=\"color: #869cd7;\">I95</b>}),</summary>backend=<b style=\"color: #7fdd73;\">numpy</b>, dtype=<b style=\"color: #443ce1;\">complex128</b>, data=array([[[[0.+0.j, 0.+0.j, 0.+0.j, 0.+0.j],\n",
       "         [0.+0.j, 0.+0.j, 0.+0.j, 0.+0.j],\n",
       "         [0.+0.j, 0.+0.j, 1.+0.j, 0.+0.j],\n",
       "         [0.+0.j, 0.+0.j, 0.+0.j, 0.+0.j]]]])</details></samp><samp style='font-size: 12px;'><details><summary><b style=\"color: #e55471;\">Tensor</b>(shape=(<b style=\"color: #45ce3d;\">1</b>, <b style=\"color: #45ce3d;\">1</b>, <b style=\"color: #828fdd;\">2</b>, <b style=\"color: #828fdd;\">2</b>), inds=[<b style=\"color: #a656df;\">_e11083AAABs</b>, <b style=\"color: #dc894c;\">_e11083AAABt</b>, <b style=\"color: #5fcf9b;\">k96_2</b>, <b style=\"color: #c4d78b;\">b96_2</b>], tags={<b style=\"color: #5cc9e5;\">I96</b>}),</summary>backend=<b style=\"color: #7fdd73;\">numpy</b>, dtype=<b style=\"color: #443ce1;\">complex128</b>, data=array([[[[ 0.5+0.j , -0. +0.5j],\n",
       "         [-0. -0.5j,  0.5+0.j ]]]])</details></samp><samp style='font-size: 12px;'><details><summary><b style=\"color: #e55471;\">Tensor</b>(shape=(<b style=\"color: #45ce3d;\">1</b>, <b style=\"color: #45ce3d;\">1</b>, <b style=\"color: #80d749;\">4</b>, <b style=\"color: #80d749;\">4</b>), inds=[<b style=\"color: #dc894c;\">_e11083AAABt</b>, <b style=\"color: #30db76;\">_e11083AAABu</b>, <b style=\"color: #887bde;\">k97_2</b>, <b style=\"color: #d26db3;\">b97_2</b>], tags={<b style=\"color: #d59cde;\">I97</b>}),</summary>backend=<b style=\"color: #7fdd73;\">numpy</b>, dtype=<b style=\"color: #443ce1;\">complex128</b>, data=array([[[[0.+0.j, 0.+0.j, 0.+0.j, 0.+0.j],\n",
       "         [0.+0.j, 0.+0.j, 0.+0.j, 0.+0.j],\n",
       "         [0.-0.j, 0.-0.j, 1.+0.j, 0.-0.j],\n",
       "         [0.+0.j, 0.+0.j, 0.+0.j, 0.+0.j]]]])</details></samp><samp style='font-size: 12px;'><details><summary><b style=\"color: #e55471;\">Tensor</b>(shape=(<b style=\"color: #45ce3d;\">1</b>, <b style=\"color: #45ce3d;\">1</b>, <b style=\"color: #828fdd;\">2</b>, <b style=\"color: #828fdd;\">2</b>), inds=[<b style=\"color: #30db76;\">_e11083AAABu</b>, <b style=\"color: #8cd881;\">_e11083AAABv</b>, <b style=\"color: #cdbd3d;\">k98_2</b>, <b style=\"color: #97e02e;\">b98_2</b>], tags={<b style=\"color: #64d478;\">I98</b>}),</summary>backend=<b style=\"color: #7fdd73;\">numpy</b>, dtype=<b style=\"color: #443ce1;\">complex128</b>, data=array([[[[ 0.5+0.j , -0. +0.5j],\n",
       "         [-0. -0.5j,  0.5+0.j ]]]])</details></samp><samp style='font-size: 12px;'><details><summary><b style=\"color: #e55471;\">Tensor</b>(shape=(<b style=\"color: #45ce3d;\">1</b>, <b style=\"color: #45ce3d;\">1</b>, <b style=\"color: #80d749;\">4</b>, <b style=\"color: #80d749;\">4</b>), inds=[<b style=\"color: #8cd881;\">_e11083AAABv</b>, <b style=\"color: #d86bc3;\">_e11083AAABw</b>, <b style=\"color: #d27c65;\">k99_2</b>, <b style=\"color: #c5e190;\">b99_2</b>], tags={<b style=\"color: #97a4de;\">I99</b>}),</summary>backend=<b style=\"color: #7fdd73;\">numpy</b>, dtype=<b style=\"color: #443ce1;\">complex128</b>, data=array([[[[ 1.47435291e-56+4.16717894e-88j,\n",
       "          -7.09363656e-58-1.72857823e-42j,\n",
       "           1.21422935e-28-4.98288221e-44j,\n",
       "          -1.71224948e-43+1.43648271e-57j],\n",
       "         [-7.09363656e-58+1.72857823e-42j,\n",
       "           2.02664008e-28+3.32615143e-72j,\n",
       "          -1.36699659e-41+1.42360109e-14j,\n",
       "          -1.60179558e-43-2.00749574e-29j],\n",
       "         [ 1.21422935e-28+4.98288221e-44j,\n",
       "          -1.36699659e-41-1.42360109e-14j,\n",
       "           1.00000000e+00+0.00000000e+00j,\n",
       "          -1.41015327e-15+1.12517164e-29j],\n",
       "         [-1.71224948e-43-1.43648271e-57j,\n",
       "          -1.60179558e-43+2.00749574e-29j,\n",
       "          -1.41015327e-15-1.12517164e-29j,\n",
       "           1.98853224e-30-9.19502134e-62j]]]])</details></samp><samp style='font-size: 12px;'><details><summary><b style=\"color: #e55471;\">Tensor</b>(shape=(<b style=\"color: #45ce3d;\">1</b>, <b style=\"color: #45ce3d;\">1</b>, <b style=\"color: #828fdd;\">2</b>, <b style=\"color: #828fdd;\">2</b>), inds=[<b style=\"color: #d86bc3;\">_e11083AAABw</b>, <b style=\"color: #89d03c;\">_e11083AAABx</b>, <b style=\"color: #78d698;\">k100_2</b>, <b style=\"color: #c0e454;\">b100_2</b>], tags={<b style=\"color: #e2a07f;\">I100</b>}),</summary>backend=<b style=\"color: #7fdd73;\">numpy</b>, dtype=<b style=\"color: #443ce1;\">complex128</b>, data=array([[[[ 0.5+0.j , -0. +0.5j],\n",
       "         [-0. -0.5j,  0.5+0.j ]]]])</details></samp><samp style='font-size: 12px;'><details><summary><b style=\"color: #e55471;\">Tensor</b>(shape=(<b style=\"color: #45ce3d;\">1</b>, <b style=\"color: #45ce3d;\">1</b>, <b style=\"color: #80d749;\">4</b>, <b style=\"color: #80d749;\">4</b>), inds=[<b style=\"color: #89d03c;\">_e11083AAABx</b>, <b style=\"color: #54cd93;\">_e11083AAABy</b>, <b style=\"color: #6ed8c9;\">k101_2</b>, <b style=\"color: #5fd553;\">b101_2</b>], tags={<b style=\"color: #ceaf82;\">I101</b>}),</summary>backend=<b style=\"color: #7fdd73;\">numpy</b>, dtype=<b style=\"color: #443ce1;\">complex128</b>, data=array([[[[0.+0.j, 0.+0.j, 0.+0.j, 0.+0.j],\n",
       "         [0.+0.j, 0.+0.j, 0.+0.j, 0.+0.j],\n",
       "         [0.-0.j, 0.-0.j, 1.+0.j, 0.-0.j],\n",
